AIRPORT_ID
10135
10136
10140
10141
10146
10154
10155
10157
10158
10165
10170
10185
10208
10245
10257
10268
10279
10299
10304
10329
10333
10361
10372
10397
10408
10423
10431
10434
10466
10469
10529
10551
10558
10561
10577
10581
10599
10620
10627
10631
10643
10666
10685
10693
10713
10721
10728
10731
10732
10739
10747
10754
10779
10781
10785
10792
10800
10821
10849
10868
10874
10918
10926
10930
10980
10990
10994
11002
11003
11013
11027
11041
11042
11049
11057
11066
11067
11076
11092
11097
11109
11111
11122
11140
11146
11150
11193
11203
11233
11252
11259
11267
11274
11278
11292
11295
11298
11308
11315
11336
11337
11413
11415
11423
11433
11445
11447
11471
11481
11495
11503
11525
11537
11540
11577
11587
11603
11612
11617
11618
11624
11630
11637
11638
11641
11648
11695
11697
11699
11711
11721
11726
11775
11778
11823
11865
11867
11884
11898
11905
11921
11931
11953
11973
11977
11980
11982
11986
11995
11996
11997
12003
12007
12012
12016
12094
12124
12129
12149
12156
12173
12177
12191
12197
12206
12217
12223
12244
12250
12255
12264
12266
12278
12280
12319
12320
12323
12335
12339
12343
12363
12389
12390
12391
12397
12402
12436
12441
12448
12451
12478
12511
12519
12523
12758
12807
12819
12884
12888
12889
12891
12892
12896
12915
12945
12951
12953
12954
12982
12992
13024
13029
13034
13061
13076
13121
13127
13139
13158
13176
13184
13198
13203
13204
13230
13232
13241
13244
13256
13264
13277
13290
13296
13303
13304
13341
13342
13344
13347
13360
13367
13377
13388
13422
13424
13433
13459
13476
13485
13486
13487
13495
13501
13502
13541
13546
13577
13795
13796
13829
13830
13851
13871
13873
13891
13930
13931
13933
13964
13970
13988
14006
14027
14057
14078
14098
14100
14107
14108
14109
14112
14113
14120
14122
14150
14162
14193
14222
14252
14254
14256
14262
14288
14307
14314
14321
14457
14487
14489
14490
14492
14512
14520
14524
14543
14570
14574
14576
14582
14583
14588
14633
14635
14674
14679
14683
14685
14689
14696
14698
14709
14711
14730
14747
14771
14783
14794
14802
14814
14828
14831
14842
14843
14869
14871
14893
14905
14908
14938
14952
14955
14960
14986
15008
15016
15024
15027
15041
15048
15070
15096
15177
15249
15295
15304
15323
15356
15370
15374
15376
15380
15389
15401
15411
15412
15431
15497
15502
15569
15582
15601
15607
15624
15841
15897
15919
15991
16101
16218
16440
